0 1488 852 789 1500 826 237 606 583 621 1112 1040 202 232 1112 
1488 0 318 987 170 1232 154 913 153 479 1173 552 977 381 301 
852 318 0 890 357 1490 1317 1294 1065 350 919 301 907 136 1059 
789 987 890 0 1218 51 387 1163 1397 1116 826 664 708 45 66 
1500 170 357 1218 0 544 218 529 641 394 909 1171 585 101 1322 
826 1232 1490 51 544 0 1224 75 1185 1115 613 17 966 616 1300 
237 154 1317 387 218 1224 0 1479 650 728 494 377 689 82 1326 
606 913 1294 1163 529 75 1479 0 988 1255 455 1260 794 1499 1458 
583 153 1065 1397 641 1185 650 988 0 365 1166 1473 687 1370 660 
621 479 350 1116 394 1115 728 1255 365 0 621 196 703 1085 1313 
1112 1173 919 826 909 613 494 455 1166 621 0 741 141 879 391 
1040 552 301 664 1171 17 377 1260 1473 196 741 0 598 401 196 
202 977 907 708 585 966 689 794 687 703 141 598 0 44 1154 
232 381 136 45 101 616 82 1499 1370 1085 879 401 44 0 667 
1112 301 1059 66 1322 1300 1326 1458 660 1313 391 196 1154 667 0
