0 122 134 124 63 5 82 154 124 149 138 146 133 81 47 57 122 
122 0 50 80 50 125 38 87 64 60 49 51 49 99 75 41 156 
134 50 0 112 43 44 116 43 108 125 88 8 147 45 3 124 137 
124 80 112 0 135 129 68 111 9 120 11 2 154 121 54 110 111 
63 50 43 135 0 31 7 88 90 116 27 28 155 161 28 92 154 
5 125 44 129 31 0 69 76 18 71 27 33 93 50 82 152 75 
82 38 116 68 7 69 0 83 25 63 121 83 125 164 162 127 66 
154 87 43 111 88 76 83 0 23 157 30 13 98 155 94 46 6 
124 64 108 9 90 18 25 23 0 69 123 98 105 85 4 80 104 
149 60 125 120 116 71 63 157 69 0 24 116 89 59 115 70 108 
138 49 88 11 27 27 121 30 123 24 0 129 124 41 114 99 89 
146 51 8 2 28 33 83 13 98 116 129 0 92 84 98 163 166 
133 49 147 154 155 93 125 98 105 89 124 92 0 119 5 96 68 
81 99 45 121 161 50 164 155 85 59 41 84 119 0 121 149 62 
47 75 3 54 28 82 162 94 4 115 114 98 5 121 0 117 120 
57 41 124 110 92 152 127 46 80 70 99 163 96 149 117 0 75 
122 156 137 111 154 75 66 6 104 108 89 166 68 62 120 75 0 
