0 3 119 32 44 134 12 42 16 110 146 160 154 44 40 112 
3 0 46 160 89 78 99 21 27 68 106 44 56 73 107 87 
119 46 0 140 116 114 71 46 114 74 71 51 87 104 11 14 
32 160 140 0 82 108 99 156 35 67 148 160 17 113 9 10 
44 89 116 82 0 55 141 70 94 96 109 125 114 51 4 69 
134 78 114 108 55 0 23 80 105 72 28 59 25 91 143 120 
12 99 71 99 141 23 0 128 147 102 152 116 118 157 19 67 
42 21 46 156 70 80 128 0 80 32 55 78 7 76 159 85 
16 27 114 35 94 105 147 80 0 49 17 103 117 5 26 63 
110 68 74 67 96 72 102 32 49 0 16 143 80 95 140 40 
146 106 71 148 109 28 152 55 17 16 0 60 58 30 37 140 
160 44 51 160 125 59 116 78 103 143 60 0 150 104 14 88 
154 56 87 17 114 25 118 7 117 80 58 150 0 59 65 82 
44 73 104 113 51 91 157 76 5 95 30 104 59 0 133 9 
40 107 11 9 4 143 19 159 26 140 37 14 65 133 0 52 
112 87 14 10 69 120 67 85 63 40 140 88 82 9 52 0
