0 16 47 44 13 92 46 6 27 10 14 
16 0 8 83 37 36 95 71 42 7 15 
47 8 0 43 87 70 10 73 50 17 77 
44 83 43 0 13 28 72 45 12 79 47 
13 37 87 13 0 52 5 40 3 88 37 
92 36 70 28 52 0 58 1 88 3 4 
46 95 10 72 5 58 0 82 29 29 1 
6 71 73 45 40 1 82 0 52 10 9 
27 42 50 12 3 88 29 52 0 13 11 
10 7 17 79 88 3 29 10 13 0 5 
14 15 77 47 37 4 1 9 11 5 0
