0 79 125 11 125 53 131 17 71 4 71 59 7 138 56 
79 0 62 109 61 73 33 4 50 12 92 78 132 81 57 
125 62 0 22 25 107 93 12 47 96 122 64 101 132 137 
11 109 22 0 134 23 16 13 96 38 118 95 140 123 79 
125 61 25 134 0 116 53 7 142 150 78 40 6 113 137 
53 73 107 23 116 0 12 99 33 129 51 56 142 109 99 
131 33 93 16 53 12 0 50 89 1 8 6 61 119 131 
17 4 12 13 7 99 50 0 50 47 42 27 129 33 123 
71 50 47 96 142 33 89 50 0 132 51 29 55 146 6 
4 12 96 38 150 129 1 47 132 0 1 117 67 16 78 
71 92 122 118 78 51 8 42 51 1 0 123 2 94 42 
59 78 64 95 40 56 6 27 29 117 123 0 84 88 50 
7 132 101 140 6 142 61 129 55 67 2 84 0 86 51 
138 81 132 123 113 109 119 33 146 16 94 88 86 0 145 
56 57 137 79 137 99 131 123 6 78 42 50 51 145 0
