0 16 2 13 17 13 10 7 13 20 
16 0 2 8 4 15 7 11 16 19 
2 2 0 17 10 19 18 1 5 17 
13 8 17 0 19 8 13 20 8 12 
17 4 10 19 0 9 12 14 8 14 
13 15 19 8 9 0 12 20 12 20 
10 7 18 13 12 12 0 11 9 8 
7 11 1 20 14 20 11 0 2 6 
13 16 5 8 8 12 9 2 0 7 
20 19 17 12 14 20 8 6 7 0 
