0 1099 1850 347 1453 1574 674 1126 1860 959 686 511 1699 1790 1363 1187 
1099 0 1158 1478 1598 1363 1052 564 543 389 672 458 664 396 507 669 
1850 1158 0 455 777 1047 1468 63 1649 807 1266 46 1905 1957 622 1274 
347 1478 455 0 752 107 1232 829 964 39 1847 1283 1672 1417 1433 834 
1453 1598 777 752 0 300 782 162 1513 861 1378 241 1580 1431 498 1135 
1574 1363 1047 107 300 0 991 664 1904 1697 1297 758 394 1584 699 1044 
674 1052 1468 1232 782 991 0 221 920 88 849 1973 461 632 1794 1321 
1126 564 63 829 162 664 221 0 1061 272 961 533 1281 180 149 807 
1860 543 1649 964 1513 1904 920 1061 0 909 39 52 1214 1659 1074 1959 
959 389 807 39 861 1697 88 272 909 0 464 1899 1219 1037 1308 1167 
686 672 1266 1847 1378 1297 849 961 39 464 0 888 1954 527 1739 1133 
511 458 46 1283 241 758 1973 533 52 1899 888 0 753 1114 594 786 
1699 664 1905 1672 1580 394 461 1281 1214 1219 1954 753 0 1416 51 383 
1790 396 1957 1417 1431 1584 632 180 1659 1037 527 1114 1416 0 1777 571 
1363 507 622 1433 498 699 1794 149 1074 1308 1739 594 51 1777 0 1515 
1187 669 1274 834 1135 1044 1321 807 1959 1167 1133 786 383 571 1515 0 
