0 1390 80 920 497 1069 7 1037 365 1061 946 977 380 426 
1390 0 742 413 632 62 1031 501 1301 136 803 712 222 872 
80 742 0 798 1405 1139 1480 530 824 284 118 440 804 1265 
920 413 798 0 270 684 760 51 1163 426 472 439 109 410 
497 632 1405 270 0 582 1313 906 592 784 980 1122 919 1351 
1069 62 1139 684 582 0 145 526 1151 596 357 280 933 254 
7 1031 1480 760 1313 145 0 1422 1171 1316 1117 476 1030 1165 
1037 501 530 51 906 526 1422 0 901 160 964 194 1278 1342 
365 1301 824 1163 592 1151 1171 901 0 1269 1022 18 648 384 
1061 136 284 426 784 596 1316 160 1269 0 1304 1263 662 430 
946 803 118 472 980 357 1117 964 1022 1304 0 910 636 1135 
977 712 440 439 1122 280 476 194 18 1263 910 0 321 1228 
380 222 804 109 919 933 1030 1278 648 662 636 321 0 1002 
426 872 1265 410 1351 254 1165 1342 384 430 1135 1228 1002 0
