0 44 61 62 89 68 90 97 76 37 81 55 11 1 
44 0 36 40 3 71 70 53 54 8 24 72 39 21 
61 36 0 47 91 88 2 1 4 13 88 27 92 81 
62 40 47 0 37 68 5 57 36 100 72 57 55 76 
89 3 91 37 0 31 50 77 31 93 25 79 72 3 
68 71 88 68 31 0 86 74 34 27 30 90 20 100 
90 70 2 5 50 86 0 14 58 58 41 100 8 39 
97 53 1 57 77 74 14 0 49 64 38 94 7 61 
76 54 4 36 31 34 58 49 0 57 86 17 80 57 
37 8 13 100 93 27 58 64 57 0 73 22 44 9 
81 24 88 72 25 30 41 38 86 73 0 44 91 66 
55 72 27 57 79 90 100 94 17 22 44 0 60 48 
11 39 92 55 72 20 8 7 80 44 91 60 0 74 
1 21 81 76 3 100 39 61 57 9 66 48 74 0
